2054.70323493
2125.74034493
2253.83530493
2366.91936493
2469.92855493
2606.98746493
2793.06677493
2906.15083493
3003.20359493
3132.24618493
3235.25537493
3306.29248493
3492.37179493
3605.45585493
3704.52426493
3841.58317493
3956.61011493
4103.67852493
4204.72620493
4291.75823493
4388.81099493
4519.85148493
4682.91481493
4785.92400493
4872.95603493
5010.01494493
5138.10990493
5225.14193493
5354.18452493
5469.21146493
5572.22065493
5735.28398493
5848.36804493
6004.46915493
6101.52191493
6172.55902493
6269.61178493
6397.67036493
6468.70747493
6567.77588493
6680.85994493
6737.88140493
6838.92908493
6995.03019493
7123.08877493
7251.14735493
7414.21068493
7542.26926493
7655.35332493
7758.36251493
7871.44657493
7985.48950493
8114.53209493
8277.59542493
8376.66383493
8532.76494493
8718.84425493
8874.94536493
9005.98585493
9162.08696493
9276.12989493
9389.21395493
9502.29801493
9615.38207493
9801.46138493
9938.52029493
10037.5887049
10150.6727649
10265.6997049
10412.7681149
10540.8266949
10703.8900249
10800.9427849
10938.0016949
11052.0446249
11189.1035349
11292.1127249
11423.1532149
11526.1624049
11629.1715949
11776.2400049
11875.3084149
12006.3489049
12063.3703649
12200.4292749
12328.5242349
12429.5719149
12532.5811049
12669.6400149
12766.6927749
12863.7455349
